10000 5000 10000 5000 0.792624 1.20598 10000 10000 1.5848 2.45422 10000 15000 2.37764 3.72986 10000 20000 3.17196 5.05244 10000 25000 3.96285 6.42529 
11000 5000 0.87161 1.32373 11000 10000 1.74329 2.6865 11000 15000 2.61941 4.12228 11000 20000 3.48514 5.54768 11000 25000 4.36127 6.99401 
12000 5000 0.950764 1.44157 12000 10000 1.90154 2.93267 12000 15000 2.84949 4.43841 12000 20000 3.79956 6.00561 12000 25000 4.77509 7.60392 
13000 5000 1.02984 1.56288 13000 10000 2.0618 3.16154 13000 15000 3.08933 4.79069 13000 20000 4.11882 6.54404 13000 25000 5.1486 8.17136 
14000 5000 1.10859 1.67983 14000 10000 2.21951 3.40082 14000 15000 3.32369 5.18056 14000 20000 4.44126 6.96219 14000 25000 5.54299 8.76412 
15000 5000 1.18663 1.79634 15000 10000 2.38861 3.64207 15000 15000 3.56003 5.52742 15000 20000 4.75024 7.44562 15000 25000 5.9426 9.3906 
16000 5000 1.26528 1.91519 16000 10000 2.53106 3.868 16000 15000 3.7956 5.86178 16000 20000 5.06436 7.92132 16000 25000 6.33209 9.95604 
17000 5000 1.34477 2.0404 17000 10000 2.69495 4.11824 17000 15000 4.03563 6.22199 17000 20000 5.38793 8.34085 17000 25000 6.75297 10.5893 
18000 5000 1.42213 2.14608 18000 10000 2.84654 4.34664 18000 15000 4.27344 6.58846 18000 20000 5.70102 8.83642 18000 25000 7.1257 11.123 
19000 5000 1.50228 2.26655 19000 10000 3.00547 4.57021 19000 15000 4.50604 6.90936 19000 20000 6.01869 9.39132 19000 25000 7.52944 11.7746 
20000 5000 1.58127 2.44114 20000 10000 3.16465 4.81647 20000 15000 4.75061 7.37003 20000 20000 6.332 9.80032 20000 25000 7.90936 12.2882 
21000 5000 1.66658 2.52826 21000 10000 3.32146 5.05583 21000 15000 4.99281 7.63193 21000 20000 6.64683 10.255 21000 25000 8.31402 12.878 
22000 5000 1.74072 2.62378 22000 10000 3.47857 5.29293 22000 15000 5.22186 7.98987 22000 20000 6.96033 10.7401 22000 25000 8.70602 13.4538 
23000 5000 1.81897 2.74187 23000 10000 3.63362 5.54236 23000 15000 5.46437 8.39581 23000 20000 7.27702 11.1915 23000 25000 9.11828 14.0802 
24000 5000 1.90159 2.86432 24000 10000 3.7986 5.75871 24000 15000 5.70851 8.73977 24000 20000 7.60887 11.7079 24000 25000 9.51253 14.6875 
25000 5000 1.98007 2.98699 25000 10000 3.9745 6.0045 25000 15000 5.93605 9.09199 25000 20000 7.918 12.1841 25000 25000 9.89642 15.3265 
