100000000 0.0328332 
110000000 0.0260243 
120000000 0.0282284 
130000000 0.0305144 
140000000 0 
150000000 0 
160000000 0.0416803 
170000000 0 
180000000 0 
190000000 0 
200000000 0 
210000000 0 
220000000 0 
230000000 0 
240000000 0 
250000000 0 
250000000 0 
260000000 0 
270000000 0 
280000000 0 
290000000 0 
300000000 0 
310000000 0 
320000000 0 
330000000 0 
340000000 0 
350000000 0 
360000000 0 
370000000 0 
380000000 0 
390000000 0 
400000000 0 
410000000 0 
420000000 0 
430000000 0 
440000000 0 
450000000 0 
460000000 0 
470000000 0 
480000000 0 
490000000 0 
500000000 0 
