100000000 0.0860226 0.0440632 
110000000 0.0942011 0.0478312 
120000000 0.102987 0.0534043 
130000000 0.111027 0.0565579 
140000000 0.119877 0.0621752 
150000000 0.128369 0.0658709 
160000000 0.136778 0.0713167 
170000000 0.145632 0.075805 
180000000 0.153627 0.0853689 
190000000 0.163244 0.0829675 
200000000 0.170733 0.0968118 
210000000 0.179414 0.0898094 
220000000 0.18762 0.0952131 
230000000 0.196498 0.0995323 
240000000 0.205269 0.110088 
250000000 0.213383 0.122132 
260000000 0.222068 0.114047 
270000000 0.230578 0.117576 
280000000 0.239266 0.125518 
290000000 0.24797 0.131674 
300000000 0.261622 0.148752 
310000000 0.264007 0.149307 
320000000 0.272825 0.144534 
330000000 0.28083 0.168131 
340000000 0.292806 0.167077 
350000000 0.299569 0.178967 
360000000 0.311368 0.172748 
370000000 0.315196 0.181391 
380000000 0.323017 0.181478 
390000000 0.332423 0.198031 
400000000 0.340681 0.193931 
410000000 0.352399 0.20336 
420000000 0.357348 0.258986 
430000000 0.366504 0.218276 
440000000 0.374443 0.225233 
450000000 0.382956 0.223752 
460000000 0.392058 0.245834 
470000000 0.399821 0.276391 
480000000 0.408423 0.245208 
490000000 0.41722 0.239033 
500000000 0.426271 0.306869 
510000000 Too_much 0.249246 
520000000 Too_much 0.313408 
530000000 Too_much 0.25572 
540000000 Too_much 0.304866 
550000000 Too_much 0.278236 
560000000 Too_much 0.297652 
570000000 Too_much 0.293667 
580000000 Too_much 0.281233 
590000000 Too_much 0.290286 
600000000 Too_much 0.300225 
610000000 Too_much 0.28984 
620000000 Too_much 0.327176 
630000000 Too_much 0.330633 
640000000 Too_much 0.332875 
650000000 Too_much 0.338625 
660000000 Too_much 0.356693 
670000000 Too_much 0.34727 
680000000 Too_much 0.330122 
690000000 Too_much 0.357989 
700000000 Too_much 0.39407 
710000000 Too_much 0.366023 
720000000 Too_much 0.357126 
730000000 Too_much 0.446096 
740000000 Too_much 0.368575 
750000000 Too_much 0.390991 
760000000 Too_much 0.38898 
770000000 Too_much 0.43578 
780000000 Too_much 0.426835 
790000000 Too_much 0.403439 
800000000 Too_much 0.408265 
810000000 Too_much 0.496318 
820000000 Too_much 0.432188 
830000000 Too_much 0.411678 
840000000 Too_much 0.417005 
850000000 Too_much 0.441801 
860000000 Too_much 0.49316 
870000000 Too_much 0.44627 
880000000 Too_much 0.432714 
890000000 Too_much 0.545549 
900000000 Too_much 0.43862 
910000000 Too_much 0.472208 
920000000 Too_much 0.459291 
930000000 Too_much 0.478056 
940000000 Too_much 0.48183 
950000000 Too_much 0.521117 
960000000 Too_much 0.469992 
970000000 Too_much 0.567355 
980000000 Too_much 0.523007 
990000000 Too_much 0.515171 
1000000000 Too_much 0.545684 
